{
  "cells": [
    {
      "cell_type": "code",
      "execution_count": null,
      "id": "cell-0001",
      "metadata": {
        "colab": {
          "base_uri": "https://localhost:8080/"
        },
        "id": "cell-0001",
        "outputId": "f87b4fd3-2347-4b7d-f90c-08263f4a2256"
      },
      "outputs": [
        {
          "output_type": "stream",
          "name": "stdout",
          "text": [
            "✅  All libraries loaded successfully\n",
            "   NumPy       2.0.2\n",
            "   Pandas      2.2.2\n",
            "   Matplotlib  3.10.0\n"
          ]
        }
      ],
      "source": [
        "import numpy as np\n",
        "import pandas as pd\n",
        "import matplotlib.pyplot as plt\n",
        "import matplotlib.patches as mpatches\n",
        "from matplotlib.gridspec import GridSpec\n",
        "import warnings, itertools, random, math\n",
        "from sklearn.ensemble import GradientBoostingRegressor\n",
        "from sklearn.model_selection import cross_val_score, KFold\n",
        "from sklearn.preprocessing import StandardScaler, LabelEncoder\n",
        "from sklearn.metrics import mean_absolute_percentage_error, r2_score, mean_squared_error\n",
        "\n",
        "warnings.filterwarnings('ignore')\n",
        "np.random.seed(42)\n",
        "random.seed(42)\n",
        "\n",
        "print(\"✅  All libraries loaded successfully\")\n",
        "print(f\"   NumPy       {np.__version__}\")\n",
        "print(f\"   Pandas      {pd.__version__}\")\n",
        "print(f\"   Matplotlib  {plt.matplotlib.__version__}\")\n"
      ]
    },
    {
      "cell_type": "code",
      "metadata": {
        "id": "140da20f"
      },
      "source": [
        "pip install lightgbm -q"
      ],
      "id": "140da20f",
      "execution_count": null,
      "outputs": []
    },
    {
      "cell_type": "code",
      "metadata": {
        "id": "28f34993"
      },
      "source": [
        "import lightgbm as lgb"
      ],
      "id": "28f34993",
      "execution_count": null,
      "outputs": []
    },
    {
      "cell_type": "code",
      "execution_count": null,
      "id": "cell-0002",
      "metadata": {
        "colab": {
          "base_uri": "https://localhost:8080/"
        },
        "id": "cell-0002",
        "outputId": "992d5ccd-51d4-470e-fd77-e180b81b1a34"
      },
      "outputs": [
        {
          "output_type": "stream",
          "name": "stdout",
          "text": [
            "✅  Configuration loaded\n",
            "   EPA Truck (LDV) : 0.307 kg CO₂e/ton-km\n",
            "   EPA Truck (MDV)  : 0.5928  kg CO₂e/ton-km\n",
            "   EPA Maritime     : 0.015 kg CO₂e/ton-km\n",
            "   EPA Truck (HDV)    : 0.7375 kg CO₂e/ton-km\n"
          ]
        }
      ],
      "source": [
        "EPA_EMISSION_FACTORS = {\n",
        "    'truck(LDV)':     0.3070,   # Light-duty diesel truck\n",
        "    'truck(MDV)':      0.5928,   # Medium duty diesel truck\n",
        "    'maritime':  0.015,   # Container vessel\n",
        "    'truck(HDV)':  0.7375,   # High Duty diesel truck\n",
        "}\n",
        "\n",
        "# Cost factors (₹/km for Indian context)\n",
        "COST_PER_KM = {\n",
        "    'truck(LDV)':     20.0,    # ₹/km\n",
        "    'truck(MDV)':      30.0,\n",
        "    'maritime':  8.0,\n",
        "    'truck(HDV)':  50.0,\n",
        "}\n",
        "\n",
        "VEHICLE_CAPACITY_KG = {\n",
        "    'truck(LDV)':     3500,\n",
        "    'truck(MDV)':      12000,\n",
        "    'maritime':  8.0,\n",
        "    'truck(HDV)':  30000,\n",
        "}\n",
        "\n",
        "INTERMODAL_TRANSFER_COST = 5000\n",
        "\n",
        "DEPOT = {\n",
        "    'name': 'Depot (Hub)',\n",
        "    'lat':  28.6139,    # New Delhi depot\n",
        "    'lon':  77.2090,\n",
        "}\n",
        "\n",
        "print(\"✅  Configuration loaded\")\n",
        "print(f\"   EPA Truck (LDV) : {EPA_EMISSION_FACTORS['truck(LDV)']} kg CO₂e/ton-km\")\n",
        "print(f\"   EPA Truck (MDV)  : {EPA_EMISSION_FACTORS['truck(MDV)']}  kg CO₂e/ton-km\")\n",
        "print(f\"   EPA Maritime     : {EPA_EMISSION_FACTORS['maritime']} kg CO₂e/ton-km\")\n",
        "print(f\"   EPA Truck (HDV)    : {EPA_EMISSION_FACTORS['truck(HDV)']} kg CO₂e/ton-km\")"
      ]
    },
    {
      "cell_type": "code",
      "execution_count": null,
      "id": "cell-0003",
      "metadata": {
        "colab": {
          "base_uri": "https://localhost:8080/"
        },
        "id": "cell-0003",
        "outputId": "614deac5-3283-410c-abd6-1832aa97a2cb"
      },
      "outputs": [
        {
          "output_type": "stream",
          "name": "stdout",
          "text": [
            "============================================================\n",
            "DELIVERY LOCATIONS — 29 Cities (Depot: New Delhi)\n",
            "============================================================\n",
            " id               city     lat     lon  demand_kg  tw_open  tw_close\n",
            "  1             Mumbai 19.0760 72.8777       8500        6        18\n",
            "  2          Bangalore 12.9716 77.5946       3200        8        20\n",
            "  3          Hyderabad 17.3850 78.4867       4100        7        19\n",
            "  4            Chennai 13.0827 80.2707       5600        6        18\n",
            "  5            Kolkata 22.5726 88.3639       7200        5        17\n",
            "  6               Pune 18.5204 73.8567       2800        8        20\n",
            "  7          Ahmedabad 23.0225 72.5714      39000        7        19\n",
            "  8             Jaipur 26.9124 75.7873       1500        9        21\n",
            "  9            Lucknow 26.8467 80.9462       2100        8        20\n",
            " 10              Surat 21.1702 72.8311       4700        7        19\n",
            " 11             Nagpur 21.1458 79.0882       3100        7        19\n",
            " 12             Indore 22.7196 75.8577       2700        7        19\n",
            " 13             Bhopal 23.2599 77.4126       2400        8        20\n",
            " 14      Visakhapatnam 17.6868 83.2185       3800        6        18\n",
            " 15              Patna 25.5941 85.1376       2600        7        19\n",
            " 16           Vadodara 22.3072 73.1812       2900        7        19\n",
            " 17         Coimbatore 11.0168 76.9558       2300        8        20\n",
            " 18               Agra 27.1767 78.0081       1800        9        21\n",
            " 19           Varanasi 25.3176 82.9739       2000        8        20\n",
            " 20         Chandigarh 30.7333 76.7794       1700        8        20\n",
            " 21             Mysuru 12.2958 76.6394       2200        7        19\n",
            " 22            Jodhpur 26.2389 73.0243       1400        8        20\n",
            " 23           Guwahati 26.1445 91.7362       1600        7        19\n",
            " 24              Kochi  9.9312 76.2673       2500        7        19\n",
            " 25           Amritsar 31.6340 74.8723       1900        6        18\n",
            " 26             Ranchi 23.3441 85.3096       1300        8        20\n",
            " 27        Bhubaneswar 20.2961 85.8245       1500        7        19\n",
            " 28 Thiruvananthapuram  8.5241 76.9366       1200        8        20\n",
            " 29             Nashik 20.0059 73.7898       1800        7        19\n",
            "\n",
            "Total demand: 119,400 kg\n"
          ]
        }
      ],
      "source": [
        "locations = pd.DataFrame({\n",
        "    'id':       range(1, 30),\n",
        "     'city': [\n",
        "        # Original 10 cities\n",
        "        'Mumbai', 'Bangalore', 'Hyderabad', 'Chennai', 'Kolkata',\n",
        "        'Pune', 'Ahmedabad', 'Jaipur', 'Lucknow', 'Surat',\n",
        "        # 19 New cities (Delhi removed)\n",
        "        'Nagpur', 'Indore', 'Bhopal', 'Visakhapatnam',\n",
        "        'Patna', 'Vadodara', 'Coimbatore', 'Agra', 'Varanasi',\n",
        "        'Chandigarh', 'Mysuru', 'Jodhpur', 'Guwahati', 'Kochi',\n",
        "        'Amritsar', 'Ranchi', 'Bhubaneswar', 'Thiruvananthapuram', 'Nashik'\n",
        "    ],\n",
        "\n",
        "    'lat': [\n",
        "\n",
        "        19.0760, 12.9716, 17.3850, 13.0827, 22.5726,\n",
        "        18.5204, 23.0225, 26.9124, 26.8467, 21.1702,\n",
        "        21.1458, 22.7196, 23.2599, 17.6868,\n",
        "        25.5941, 22.3072, 11.0168, 27.1767, 25.3176,\n",
        "        30.7333, 12.2958, 26.2389, 26.1445, 9.9312,\n",
        "        31.6340, 23.3441, 20.2961, 8.5241,  20.0059\n",
        "    ],\n",
        "\n",
        "    'lon': [\n",
        "\n",
        "        72.8777, 77.5946, 78.4867, 80.2707, 88.3639,\n",
        "        73.8567, 72.5714, 75.7873, 80.9462, 72.8311,\n",
        "        79.0882, 75.8577, 77.4126, 83.2185,\n",
        "        85.1376, 73.1812, 76.9558, 78.0081, 82.9739,\n",
        "        76.7794, 76.6394, 73.0243, 91.7362, 76.2673,\n",
        "        74.8723, 85.3096, 85.8245, 76.9366, 73.7898\n",
        "    ],\n",
        "\n",
        "    # Demand in kg\n",
        "    'demand_kg': [\n",
        "        # Original 10\n",
        "        8500, 3200, 4100, 5600, 7200,\n",
        "        2800, 39000, 1500, 2100, 4700,\n",
        "        # 19 New\n",
        "        3100, 2700, 2400, 3800,\n",
        "        2600, 2900, 2300, 1800, 2000,\n",
        "        1700, 2200, 1400, 1600, 2500,\n",
        "        1900, 1300, 1500, 1200, 1800\n",
        "    ],\n",
        "\n",
        "    # Time window: earliest delivery hour\n",
        "    'tw_open': [\n",
        "        # Original 10\n",
        "        6, 8, 7, 6, 5, 8, 7, 9, 8, 7,\n",
        "        # 19 New\n",
        "        7, 7, 8, 6,\n",
        "        7, 7, 8, 9, 8,\n",
        "        8, 7, 8, 7, 7,\n",
        "        6, 8, 7, 8, 7\n",
        "    ],\n",
        "\n",
        "    # Time window: latest delivery hour\n",
        "    'tw_close': [\n",
        "        # Original 10\n",
        "        18, 20, 19, 18, 17, 20, 19, 21, 20, 19,\n",
        "        # 19 New\n",
        "        19, 19, 20, 18,\n",
        "        19, 19, 20, 21, 20,\n",
        "        20, 19, 20, 19, 19,\n",
        "        18, 20, 19, 20, 19\n",
        "    ]\n",
        "})\n",
        "\n",
        "print(\"=\" * 60)\n",
        "print(\"DELIVERY LOCATIONS — 29 Cities (Depot: New Delhi)\")\n",
        "print(\"=\" * 60)\n",
        "print(locations.to_string(index=False))\n",
        "print(f\"\\nTotal demand: {locations['demand_kg'].sum():,} kg\")"
      ]
    },
    {
      "cell_type": "code",
      "execution_count": null,
      "id": "cell-0004",
      "metadata": {
        "colab": {
          "base_uri": "https://localhost:8080/"
        },
        "id": "cell-0004",
        "outputId": "34e9875d-86ba-4ab3-b36f-7be890fad7ba"
      },
      "outputs": [
        {
          "output_type": "stream",
          "name": "stdout",
          "text": [
            "======================================================================\n",
            "DISTANCE MATRIX (km) — Depot + 29 Delivery Cities\n",
            "======================================================================\n",
            "city                Depot (Hub)  Mumbai  Bangalore  Hyderabad  Chennai  Kolkata    Pune  Ahmedabad  Jaipur  Lucknow   Surat  Nagpur  Indore  Bhopal  Visakhapatnam   Patna  Vadodara  Coimbatore    Agra  Varanasi  Chandigarh  Mysuru  Jodhpur  Guwahati   Kochi  Amritsar  Ranchi  Bhubaneswar  Thiruvananthapuram  Nashik\n",
            "city                                                                                                                                                                                                                                                                                                                        \n",
            "Depot (Hub)                 0.0  1148.1     1739.8     1255.4   1755.8   1303.8  1173.0      775.7   235.3    417.0   937.9   851.7   669.2   595.7         1360.9   853.4     809.3      1956.9   178.1     678.6       239.3  1815.5    490.2    1459.4  2079.7     404.1   999.0       1270.2              2234.1  1017.8\n",
            "Mumbai                   1148.1     0.0      845.3      621.5   1033.1   1654.8   120.2      440.0   920.7   1194.7   232.9   688.0   509.8   661.4         1101.9  1453.2     360.7       997.2  1042.0    1249.1      1354.3   854.6    796.6    2086.3  1080.2    1410.6  1372.6       1361.9              1252.3   140.8\n",
            "Bangalore                1739.8   845.3        0.0      500.0    290.2   1560.7   735.2     1237.0  1561.5   1581.9  1042.5   922.7  1099.4  1144.2          799.0  1610.3    1138.3       228.2  1580.1    1484.0      1976.8   128.0   1550.5    2080.0   367.7    2093.7  1411.5       1196.1               499.7   881.0\n",
            "Hyderabad                1255.4   621.5      500.0        0.0    515.2   1181.9   505.8      879.5  1095.1   1082.1   727.5   422.9   653.6   662.8          502.8  1142.6     779.2       727.1  1089.9     996.7      1494.3   599.7   1134.1    1677.6   862.8    1625.7   971.7        837.2               999.5   574.1\n",
            "Chennai                  1755.8  1033.1      290.2      515.2      0.0   1358.4   914.4     1371.8  1607.1   1532.1  1196.8   905.3  1168.6  1171.1          601.6  1481.5    1270.6       427.4  1584.8    1389.6      1995.0   403.5   1646.9    1882.2   559.5    2135.2  1258.6        996.3               624.1  1034.0\n",
            "Kolkata                  1303.8  1654.8     1560.7     1181.9   1358.4      0.0  1575.4     1618.9  1357.8    887.0  1609.7   970.1  1283.1  1124.0          763.8   469.2    1560.0      1766.1  1162.7     627.0      1464.2  1687.3   1604.7     523.8  1906.4    1670.4   324.3        364.9              1982.2  1536.0\n",
            "Pune                     1173.0   120.2      735.2      505.8    914.4   1575.4     0.0      518.1   953.9   1176.7   313.6   620.1   511.2   643.5          993.7  1402.5     426.9       898.3  1052.1    1205.8      1389.6   753.6    862.5    2022.1   989.7    1461.7  1304.1       1270.3              1160.2   165.3\n",
            "Ahmedabad                 775.7   440.0     1237.0      879.5   1371.8   1618.9   518.1        0.0   540.5    945.1   207.7   703.1   338.4   495.7         1257.9  1304.5     101.2      1413.7   716.1    1085.4       953.3  1268.0    360.6    1966.8  1507.8     984.1  1302.1       1402.2              1678.0   358.3\n",
            "Jaipur                    235.3   920.7     1561.5     1095.1   1607.1   1357.8   953.9      540.5     0.0    511.7   705.5   723.5   466.3   437.9         1278.6   943.7     575.8      1771.7   221.9     739.0       435.7  1627.7    284.8    1588.0  1888.9     532.5  1037.1       1258.9              2048.3   794.5\n",
            "Lucknow                   417.0  1194.7     1581.9     1082.1   1532.1    887.0  1176.7      945.1   511.7      0.0  1037.7   661.4   688.7   534.5         1044.9   440.7     933.1      1809.1   293.4     264.4       592.9  1679.3    790.8    1076.3  1944.0     793.9   587.1        881.6              2080.7  1053.9\n",
            "Surat                     937.9   232.9     1042.5      727.5   1196.8   1609.7   313.6      207.7   705.5   1037.7     0.0   648.8   356.5   525.7         1155.7  1348.1     131.5      1211.7   849.4    1133.8      1134.0  1066.7    564.0    2001.1  1302.6    1181.1  1306.2       1354.3              1473.5   163.5\n",
            "Nagpur                    851.7   688.0      922.7      422.9    905.3    970.1   620.1      703.1   723.5    661.4   648.8     0.0   376.4   291.6          579.2   790.9     623.6      1149.0   679.5     610.5      1090.7  1018.0    837.6    1402.1  1283.0    1239.2   685.3        706.9              1422.3   565.9\n",
            "Indore                    669.2   509.8     1099.4      653.6   1168.6   1283.1   511.2      338.4   466.3    688.7   356.5   376.4     0.0   170.1          950.0   994.0     278.7      1306.5   540.9     778.2       895.8  1162.0    485.1    1650.8  1422.7     996.0   969.5       1065.4              1582.7   370.0\n",
            "Bhopal                    595.7   661.4     1144.2      662.8   1171.1   1124.0   643.5      495.7   437.9    534.5   525.7   291.6   170.1     0.0          865.7   823.9     446.5      1362.2   439.6     608.2       833.4  1221.9    553.2    1481.2  1487.1     964.2   806.4        928.8              1639.3   520.7\n",
            "Visakhapatnam            1360.9  1101.9      799.0      502.8    601.6    763.8   993.7     1257.9  1278.6   1044.9  1155.7   579.2   950.0   865.7            0.0   901.3    1167.4      1002.3  1182.9     848.9      1589.9   926.4   1416.3    1286.2  1142.8    1763.7   665.7        399.0              1224.6  1025.0\n",
            "Patna                     853.4  1453.2     1610.3     1142.6   1481.5    469.2  1402.5     1304.5   943.7    440.7  1348.1   790.9   994.0   823.9          901.3     0.0    1268.2      1835.2   731.5     219.4       998.4  1726.4   1213.2     663.0  1976.9    1205.3   250.8        593.3              2087.0  1317.9\n",
            "Vadodara                  809.3   360.7     1138.3      779.2   1270.6   1560.0   426.9      101.2   575.8    933.1   131.5   623.6   278.7   446.5         1167.4  1268.2       0.0      1318.0   728.4    1050.6      1002.8  1172.0    437.5    1927.4  1414.9    1050.5  1248.0       1328.3              1584.3   263.6\n",
            "Coimbatore               1956.9   997.2      228.2      727.1    427.4   1766.1   898.3     1413.7  1771.7   1809.1  1211.7  1149.0  1306.5  1362.2         1002.3  1835.2    1318.0         0.0  1800.3    1711.8      2192.5   146.3   1742.2    2288.2   142.3    2302.5  1631.7       1401.3               277.2  1055.4\n",
            "Agra                      178.1  1042.0     1580.1     1089.9   1584.8   1162.7  1052.1      716.1   221.9    293.4   849.4   679.5   540.9   439.6         1182.9   731.5     728.4      1800.3     0.0     536.6       413.1  1660.8    505.9    1368.3  1926.3     581.2   848.7       1103.2              2077.1   905.6\n",
            "Varanasi                  678.6  1249.1     1484.0      996.7   1389.6    627.0  1205.8     1085.4   739.0    264.4  1133.8   610.5   778.2   608.2          848.9   219.4    1050.6      1711.8   536.6       0.0       855.4  1593.3   1001.2     882.3  1851.6    1057.8   322.7        630.1              1973.7  1111.6\n",
            "Chandigarh                239.3  1354.3     1976.8     1494.3   1995.0   1464.2  1389.6      953.3   435.7    592.9  1134.0  1090.7   895.8   833.4         1589.9   998.4    1002.8      2192.5   413.1     855.4         0.0  2050.2    619.9    1547.3  2313.7     207.2  1177.6       1471.9              2469.6  1229.9\n",
            "Mysuru                   1815.5   854.6      128.0      599.7    403.5   1687.3   753.6     1268.0  1627.7   1679.3  1066.7  1018.0  1162.0  1221.9          926.4  1726.4    1172.0       146.3  1660.8    1593.3      2050.2     0.0   1595.9    2205.8   266.0    2157.9  1532.3       1323.0               420.7   909.6\n",
            "Jodhpur                   490.2   796.6     1550.5     1134.1   1646.9   1604.7   862.5      360.6   284.8    790.8   564.0   837.6   485.1   553.2         1416.3  1213.2     437.5      1742.2   505.9    1001.2       619.9  1595.9      0.0    1865.4  1845.2     626.2  1280.6       1463.9              2012.6   697.5\n",
            "Guwahati                 1459.4  2086.3     2080.0     1677.6   1882.2    523.8  2022.1     1966.8  1588.0   1076.3  2001.1  1402.1  1650.8  1481.2         1286.2   663.0    1927.4      2288.2  1368.3     882.3      1547.3  2205.8   1865.4       0.0  2429.0    1749.2   719.7        887.3              2506.0  1956.3\n",
            "Kochi                    2079.7  1080.2      367.7      862.8    559.5   1906.4   989.7     1507.8  1888.9   1944.0  1302.6  1283.0  1422.7  1487.1         1142.8  1976.9    1414.9       142.3  1926.3    1851.6      2313.7   266.0   1845.2    2429.0     0.0    2417.5  1774.0       1541.8               172.8  1151.3\n",
            "Amritsar                  404.1  1410.6     2093.7     1625.7   2135.2   1670.4  1461.7      984.1   532.5    793.9  1181.1  1239.2   996.0   964.2         1763.7  1205.3    1050.5      2302.5   581.2    1057.8       207.2  2157.9    626.2    1749.2  2417.5       0.0  1380.5       1667.6              2578.6  1297.5\n",
            "Ranchi                    999.0  1372.6     1411.5      971.7   1258.6    324.3  1304.1     1302.1  1037.1    587.1  1306.2   685.3   969.5   806.4          665.7   250.8    1248.0      1631.7   848.7     322.7      1177.6  1532.3   1280.6     719.7  1774.0    1380.5     0.0        343.1              1873.9  1246.4\n",
            "Bhubaneswar              1270.2  1361.9     1196.1      837.2    996.3    364.9  1270.3     1402.2  1258.9    881.6  1354.3   706.9  1065.4   928.8          399.0   593.3    1328.3      1401.3  1103.2     630.1      1471.9  1323.0   1463.9     887.3  1541.8    1667.6   343.1          0.0              1620.4  1256.4\n",
            "Thiruvananthapuram       2234.1  1252.3      499.7      999.5    624.1   1982.2  1160.2     1678.0  2048.3   2080.7  1473.5  1422.3  1582.7  1639.3         1224.6  2087.0    1584.3       277.2  2077.1    1973.7      2469.6   420.7   2012.6    2506.0   172.8    2578.6  1873.9       1620.4                 0.0  1320.8\n",
            "Nashik                   1017.8   140.8      881.0      574.1   1034.0   1536.0   165.3      358.3   794.5   1053.9   163.5   565.9   370.0   520.7         1025.0  1317.9     263.6      1055.4   905.6    1111.6      1229.9   909.6    697.5    1956.3  1151.3    1297.5  1246.4       1256.4              1320.8     0.0\n"
          ]
        }
      ],
      "source": [
        "def haversine(lat1, lon1, lat2, lon2):\n",
        "    R = 6371.0\n",
        "    phi1, phi2 = math.radians(lat1), math.radians(lat2)\n",
        "    dphi = math.radians(lat2 - lat1)\n",
        "    dlam = math.radians(lon2 - lon1)\n",
        "    a = math.sin(dphi/2)**2 + math.cos(phi1)*math.cos(phi2)*math.sin(dlam/2)**2\n",
        "    return 2 * R * math.asin(math.sqrt(a))\n",
        "\n",
        "all_locs = pd.concat([\n",
        "    pd.DataFrame([{ 'id': 0, 'city': DEPOT['name'], 'lat': DEPOT['lat'], 'lon': DEPOT['lon'] }]),\n",
        "    locations[['id','city','lat','lon']]\n",
        "], ignore_index=True)\n",
        "\n",
        "n = len(all_locs)\n",
        "dist_matrix = np.zeros((n, n))\n",
        "for i in range(n):\n",
        "    for j in range(n):\n",
        "        dist_matrix[i,j] = haversine(\n",
        "            all_locs.loc[i,'lat'], all_locs.loc[i,'lon'],\n",
        "            all_locs.loc[j,'lat'], all_locs.loc[j,'lon']\n",
        "        )\n",
        "\n",
        "dist_df = pd.DataFrame(dist_matrix,\n",
        "    index=all_locs['city'], columns=all_locs['city'])\n",
        "\n",
        "print(\"=\" * 70)\n",
        "print(\"DISTANCE MATRIX (km) — Depot + 29 Delivery Cities\")\n",
        "print(\"=\" * 70)\n",
        "print(dist_df.round(1).to_string())"
      ]
    },
    {
      "cell_type": "code",
      "execution_count": null,
      "id": "cell-0005",
      "metadata": {
        "colab": {
          "base_uri": "https://localhost:8080/"
        },
        "id": "cell-0005",
        "outputId": "4a24d792-9c4f-4a6f-b257-8569d4c53fbb"
      },
      "outputs": [
        {
          "output_type": "stream",
          "name": "stdout",
          "text": [
            "============================================================\n",
            "TRAINING DATASET — Feature Summary\n",
            "============================================================\n",
            "Samples : 1200\n",
            "Features: 22 (excl. target)\n",
            "\n",
            "       distance_km  cargo_weight_tons  weather_factor  congestion_factor  F_physics  co2_emission_kg\n",
            "count     1200.000           1200.000        1200.000           1200.000   1200.000         1200.000\n",
            "mean      1136.090              7.751           0.098              0.374   5730.749         6473.989\n",
            "std        610.359              4.184           0.057              0.217   5564.709         6341.320\n",
            "min         83.318              0.500           0.000              0.001     52.497           62.497\n",
            "25%        603.436              4.207           0.048              0.185   1547.799         1743.239\n",
            "50%       1153.152              7.756           0.097              0.365   4115.021         4599.291\n",
            "75%       1643.238             11.378           0.147              0.562   8044.611         9073.017\n",
            "max       2198.757             14.984           0.200              0.750  36948.354        41273.568\n"
          ]
        }
      ],
      "source": [
        "# ── Synthetic Training Dataset for LightGBM ──────────────────────────────────\n",
        "\n",
        "# Equation (1): E = d × w × f_mode × α  (EPA factors)\n",
        "# Equation (3): F_physics = d × w × f_mode × (1 + α_weather + α_congestion)\n",
        "\n",
        "np.random.seed(42)\n",
        "N_SAMPLES = 1200   # Training samples\n",
        "\n",
        "transport_modes = ['truck(LDV)', 'truck(MDV)', 'truck(HDV)']\n",
        "mode_arr = np.random.choice(transport_modes, N_SAMPLES,\n",
        "                             p=[0.60, 0.28, 0.12])\n",
        "\n",
        "raw = pd.DataFrame({\n",
        "    # ── Base Features  ──────────────────────────────────────\n",
        "    'distance_km':       np.random.uniform(80, 2200, N_SAMPLES),\n",
        "    'cargo_weight_tons': np.random.uniform(0.5, 15.0, N_SAMPLES),\n",
        "    'transport_mode':    mode_arr,\n",
        "\n",
        "    # ── Operational Features ──────────────────────────────────────────────\n",
        "    'weather_factor':    np.random.uniform(0.00, 0.20, N_SAMPLES),   # α_weather\n",
        "    'congestion_factor': np.random.uniform(0.00, 0.75, N_SAMPLES),   # α_congestion\n",
        "    'vehicle_age_years': np.random.randint(1, 12, N_SAMPLES).astype(float),\n",
        "    'load_factor':       np.random.uniform(0.40, 1.00, N_SAMPLES),   # utilisation\n",
        "    'time_of_day_hr':    np.random.randint(0, 24, N_SAMPLES).astype(float),\n",
        "\n",
        "    # ── Road / Route Features ─────────────────────────────────────────────\n",
        "    'road_grade_pct':    np.random.uniform(-5, 8, N_SAMPLES),        # % slope\n",
        "    'temp_celsius':      np.random.uniform(5, 45, N_SAMPLES),        # ambient temp\n",
        "    'altitude_m':        np.random.uniform(0, 2000, N_SAMPLES),      # elevation\n",
        "    'stops_count':       np.random.randint(0, 8, N_SAMPLES).astype(float),\n",
        "})\n",
        "\n",
        "# ── EPA base emission factor per mode ─────────────────────────────────────────\n",
        "raw['f_mode'] = raw['transport_mode'].map(EPA_EMISSION_FACTORS)\n",
        "\n",
        "# ── Physics-Based Feature — Equation (3) from paper ─────────────────────────\n",
        "raw['F_physics'] = (raw['distance_km'] *\n",
        "                    raw['cargo_weight_tons'] *\n",
        "                    raw['f_mode'] *\n",
        "                    (1 + raw['weather_factor'] + raw['congestion_factor']))\n",
        "\n",
        "# ── Interaction Features (paper §3.2.3) ───────────────────────────────────────\n",
        "raw['dist_x_weight']   = raw['distance_km'] * raw['cargo_weight_tons']\n",
        "raw['mode_x_weather']  = raw['f_mode']      * raw['weather_factor']\n",
        "raw['load_x_age']      = raw['load_factor'] * raw['vehicle_age_years']\n",
        "\n",
        "# ── Temporal cyclical encoding (paper §3.2.3) ─────────────────────────────────\n",
        "raw['tod_sin'] = np.sin(2 * np.pi * raw['time_of_day_hr'] / 24)\n",
        "raw['tod_cos'] = np.cos(2 * np.pi * raw['time_of_day_hr'] / 24)\n",
        "\n",
        "# ── Age degradation factor (older vehicle → more emissions) ──────────────────\n",
        "raw['age_factor'] = 1 + 0.008 * raw['vehicle_age_years']\n",
        "\n",
        "# ── Road grade penalty ────────────────────────────────────────────────────────\n",
        "raw['grade_penalty'] = np.where(raw['road_grade_pct'] > 0,\n",
        "                                 raw['road_grade_pct'] * 18,\n",
        "                                -6 * np.abs(raw['road_grade_pct']))\n",
        "\n",
        "# ── Temperature efficiency correction ────────────────────────────────────────\n",
        "raw['temp_factor'] = 1 + 0.003 * np.abs(raw['temp_celsius'] - 20)\n",
        "\n",
        "# ── TARGET: Total CO₂ Emission (kg CO₂e) — Equation (1) ─────────────────────\n",
        "# E = d × w × f_mode × α_total  + noise to simulate real-world variance\n",
        "base_emission = (\n",
        "    raw['distance_km'] *\n",
        "    raw['cargo_weight_tons'] *\n",
        "    raw['f_mode'] *\n",
        "    (1 + raw['weather_factor'] + raw['congestion_factor']) *\n",
        "    raw['age_factor'] *\n",
        "    (1.15 - 0.15 * raw['load_factor']) *    # load efficiency\n",
        "    raw['temp_factor']\n",
        ")\n",
        "noise = np.random.normal(0, 0.05 * base_emission)\n",
        "raw['co2_emission_kg'] = np.clip(base_emission + noise, 0.5, None)\n",
        "\n",
        "print(\"=\" * 60)\n",
        "print(\"TRAINING DATASET — Feature Summary\")\n",
        "print(\"=\" * 60)\n",
        "print(f\"Samples : {N_SAMPLES}\")\n",
        "print(f\"Features: {raw.shape[1]-1} (excl. target)\")\n",
        "print()\n",
        "print(raw[['distance_km','cargo_weight_tons','transport_mode',\n",
        "           'weather_factor','congestion_factor','F_physics',\n",
        "           'co2_emission_kg']].describe().round(3).to_string())\n"
      ]
    },
    {
      "cell_type": "code",
      "execution_count": null,
      "id": "cell-0006",
      "metadata": {
        "colab": {
          "base_uri": "https://localhost:8080/"
        },
        "id": "cell-0006",
        "outputId": "26878c77-a6ec-4c8e-b427-645098ebf708"
      },
      "outputs": [
        {
          "output_type": "stream",
          "name": "stdout",
          "text": [
            "============================================================\n",
            "FEATURE SET SUMMARY\n",
            "============================================================\n",
            "          Feature    Category Paper Reference\n",
            "      distance_km        Base         Eq.1 dᵢ\n",
            "cargo_weight_tons        Base         Eq.1 wᵢ\n",
            "     mode_encoded        Base         Eq.1 fᵢ\n",
            "        F_physics     Physics            Eq.3\n",
            "   weather_factor Operational       α_weather\n",
            "congestion_factor Operational          α_cong\n",
            "vehicle_age_years Operational          §3.2.1\n",
            "      load_factor Operational          §3.2.1\n",
            "       age_factor Operational          §3.2.3\n",
            "    grade_penalty Operational          §3.2.3\n",
            "      temp_factor Operational          §3.2.3\n",
            "    dist_x_weight Interaction          §3.2.3\n",
            "   mode_x_weather Interaction          §3.2.3\n",
            "       load_x_age Interaction          §3.2.3\n",
            "          tod_sin    Temporal   §3.2.3 cyclic\n",
            "          tod_cos    Temporal   §3.2.3 cyclic\n",
            "       altitude_m       Route          §3.2.1\n",
            "      stops_count       Route          §3.2.1\n",
            "\n",
            "X shape: (1200, 18)  |  y shape: (1200,)\n",
            "y range: [62.5, 41273.6] kg CO₂e\n"
          ]
        }
      ],
      "source": [
        "le = LabelEncoder()\n",
        "raw['mode_encoded'] = le.fit_transform(raw['transport_mode'])\n",
        "\n",
        "FEATURE_COLS = [\n",
        "    # Base features\n",
        "    'distance_km', 'cargo_weight_tons', 'mode_encoded',\n",
        "    # Physics feature (Eq. 3)\n",
        "    'F_physics',\n",
        "    # Operational\n",
        "    'weather_factor', 'congestion_factor', 'vehicle_age_years',\n",
        "    'load_factor', 'age_factor', 'grade_penalty', 'temp_factor',\n",
        "    # Interaction\n",
        "    'dist_x_weight', 'mode_x_weather', 'load_x_age',\n",
        "    # Temporal\n",
        "    'tod_sin', 'tod_cos',\n",
        "    # Route\n",
        "    'altitude_m', 'stops_count',\n",
        "]\n",
        "\n",
        "TARGET_COL = 'co2_emission_kg'\n",
        "\n",
        "X = raw[FEATURE_COLS].values\n",
        "y = raw[TARGET_COL].values\n",
        "\n",
        "scaler = StandardScaler()\n",
        "X_scaled = scaler.fit_transform(X)\n",
        "\n",
        "print(\"=\" * 60)\n",
        "print(\"FEATURE SET SUMMARY\")\n",
        "print(\"=\" * 60)\n",
        "feat_imp_display = pd.DataFrame({\n",
        "    'Feature': FEATURE_COLS,\n",
        "    'Category': ['Base']*3 + ['Physics']*1 + ['Operational']*7 +\n",
        "                ['Interaction']*3 + ['Temporal']*2 + ['Route']*2,\n",
        "    'Paper Reference': [\n",
        "        'Eq.1 dᵢ', 'Eq.1 wᵢ', 'Eq.1 fᵢ',\n",
        "        'Eq.3',\n",
        "        'α_weather', 'α_cong', '§3.2.1', '§3.2.1', '§3.2.3', '§3.2.3', '§3.2.3',\n",
        "        '§3.2.3', '§3.2.3', '§3.2.3',\n",
        "        '§3.2.3 cyclic', '§3.2.3 cyclic',\n",
        "        '§3.2.1', '§3.2.1',\n",
        "    ]\n",
        "})\n",
        "print(feat_imp_display.to_string(index=False))\n",
        "print(f\"\\nX shape: {X.shape}  |  y shape: {y.shape}\")\n",
        "print(f\"y range: [{y.min():.1f}, {y.max():.1f}] kg CO₂e\")\n"
      ]
    },
    {
      "cell_type": "code",
      "source": [],
      "metadata": {
        "id": "pR085Khwc_3N"
      },
      "id": "pR085Khwc_3N",
      "execution_count": null,
      "outputs": []
    },
    {
      "cell_type": "code",
      "metadata": {
        "colab": {
          "base_uri": "https://localhost:8080/"
        },
        "id": "3565dd4d",
        "outputId": "ceae44a0-c1c5-49b8-d243-a778f4d3d42d"
      },
      "source": [
        "print(FEATURE_COLS)"
      ],
      "id": "3565dd4d",
      "execution_count": null,
      "outputs": [
        {
          "output_type": "stream",
          "name": "stdout",
          "text": [
            "['distance_km', 'cargo_weight_tons', 'mode_encoded', 'F_physics', 'weather_factor', 'congestion_factor', 'vehicle_age_years', 'load_factor', 'age_factor', 'grade_penalty', 'temp_factor', 'dist_x_weight', 'mode_x_weather', 'load_x_age', 'tod_sin', 'tod_cos', 'altitude_m', 'stops_count']\n"
          ]
        }
      ]
    },
    {
      "cell_type": "code",
      "metadata": {
        "colab": {
          "base_uri": "https://localhost:8080/",
          "height": 613
        },
        "id": "ec93e84f",
        "outputId": "b1b21592-28a7-42b9-e10c-7aa1ee7c8c30"
      },
      "source": [
        "display(feat_imp_df)"
      ],
      "id": "ec93e84f",
      "execution_count": null,
      "outputs": [
        {
          "output_type": "display_data",
          "data": {
            "text/plain": [
              "              Feature  Importance  Importance_pct\n",
              "0           F_physics        1532       17.022222\n",
              "1       dist_x_weight         894        9.933333\n",
              "2         load_factor         740        8.222222\n",
              "3   congestion_factor         646        7.177778\n",
              "4         temp_factor         626        6.955556\n",
              "5         distance_km         573        6.366667\n",
              "6   cargo_weight_tons         561        6.233333\n",
              "7      mode_x_weather         491        5.455556\n",
              "8          load_x_age         464        5.155556\n",
              "9       grade_penalty         455        5.055556\n",
              "10         altitude_m         450        5.000000\n",
              "11     weather_factor         375        4.166667\n",
              "12            tod_sin         270        3.000000\n",
              "13            tod_cos         244        2.711111\n",
              "14        stops_count         239        2.655556\n",
              "15  vehicle_age_years         233        2.588889\n",
              "16       mode_encoded         138        1.533333\n",
              "17         age_factor          69        0.766667"
            ],
            "text/html": [
              "\n",
              "  <div id=\"df-2cae4835-cbca-49b6-a6fb-616814b1b10e\" class=\"colab-df-container\">\n",
              "    <div>\n",
              "<style scoped>\n",
              "    .dataframe tbody tr th:only-of-type {\n",
              "        vertical-align: middle;\n",
              "    }\n",
              "\n",
              "    .dataframe tbody tr th {\n",
              "        vertical-align: top;\n",
              "    }\n",
              "\n",
              "    .dataframe thead th {\n",
              "        text-align: right;\n",
              "    }\n",
              "</style>\n",
              "<table border=\"1\" class=\"dataframe\">\n",
              "  <thead>\n",
              "    <tr style=\"text-align: right;\">\n",
              "      <th></th>\n",
              "      <th>Feature</th>\n",
              "      <th>Importance</th>\n",
              "      <th>Importance_pct</th>\n",
              "    </tr>\n",
              "  </thead>\n",
              "  <tbody>\n",
              "    <tr>\n",
              "      <th>0</th>\n",
              "      <td>F_physics</td>\n",
              "      <td>1532</td>\n",
              "      <td>17.022222</td>\n",
              "    </tr>\n",
              "    <tr>\n",
              "      <th>1</th>\n",
              "      <td>dist_x_weight</td>\n",
              "      <td>894</td>\n",
              "      <td>9.933333</td>\n",
              "    </tr>\n",
              "    <tr>\n",
              "      <th>2</th>\n",
              "      <td>load_factor</td>\n",
              "      <td>740</td>\n",
              "      <td>8.222222</td>\n",
              "    </tr>\n",
              "    <tr>\n",
              "      <th>3</th>\n",
              "      <td>congestion_factor</td>\n",
              "      <td>646</td>\n",
              "      <td>7.177778</td>\n",
              "    </tr>\n",
              "    <tr>\n",
              "      <th>4</th>\n",
              "      <td>temp_factor</td>\n",
              "      <td>626</td>\n",
              "      <td>6.955556</td>\n",
              "    </tr>\n",
              "    <tr>\n",
              "      <th>5</th>\n",
              "      <td>distance_km</td>\n",
              "      <td>573</td>\n",
              "      <td>6.366667</td>\n",
              "    </tr>\n",
              "    <tr>\n",
              "      <th>6</th>\n",
              "      <td>cargo_weight_tons</td>\n",
              "      <td>561</td>\n",
              "      <td>6.233333</td>\n",
              "    </tr>\n",
              "    <tr>\n",
              "      <th>7</th>\n",
              "      <td>mode_x_weather</td>\n",
              "      <td>491</td>\n",
              "      <td>5.455556</td>\n",
              "    </tr>\n",
              "    <tr>\n",
